Experiment: common_functions_fc(30)-fc(30)-fc(30)_cos[x]
Accuracy | Precision | Recall | F1 | AUC | AUC prob.
0.955 | 0.958 | 0.903 | 0.927 | 0.998 | 0.972
0.956 | 0.945 | 0.930 | 0.935 | 0.998 | 0.974
0.948 | 0.952 | 0.880 | 0.910 | 0.998 | 0.969
0.954 | 0.933 | 0.911 | 0.918 | 0.998 | 0.967
0.955 | 0.953 | 0.905 | 0.926 | 0.998 | 0.971
0.958 | 0.962 | 0.915 | 0.936 | 0.998 | 0.976
0.946 | 0.939 | 0.880 | 0.904 | 0.997 | 0.956
0.957 | 0.946 | 0.926 | 0.935 | 0.998 | 0.976
Experiment: common_functions_fc(30)-fc(30)-fc(30)_elu(alpha=1.0)
Accuracy | Precision | Recall | F1 | AUC | AUC prob.
0.891 | 0.899 | 0.682 | 0.715 | 0.993 | 0.913
0.935 | 0.905 | 0.934 | 0.918 | 0.997 | 0.968
0.860 | 0.821 | 0.601 | 0.782 | 0.990 | 0.874
0.912 | 0.924 | 0.867 | 0.890 | 0.996 | 0.958
0.940 | 0.947 | 0.879 | 0.908 | 0.997 | 0.971
0.952 | 0.944 | 0.925 | 0.933 | 0.998 | 0.977
0.931 | 0.937 | 0.853 | 0.885 | 0.997 | 0.959
0.945 | 0.945 | 0.912 | 0.927 | 0.998 | 0.973
Experiment: common_functions_fc(30)-fc(30)-fc(30)_exp[x]
Accuracy | Precision | Recall | F1 | AUC | AUC prob.
0.906 | 0.907 | 0.848 | 0.874 | 0.991 | 0.927
0.915 | 0.909 | 0.893 | 0.899 | 0.995 | 0.952
0.912 | 0.929 | 0.838 | 0.875 | 0.995 | 0.947
0.924 | 0.930 | 0.894 | 0.911 | 0.996 | 0.962
0.884 | 0.790 | 0.675 | 0.712 | 0.965 | 0.759
0.882 | 0.792 | 0.669 | 0.707 | 0.971 | 0.785
0.894 | 0.785 | 0.704 | 0.733 | 0.933 | 0.739
0.905 | 0.845 | 0.728 | 0.767 | 0.942 | 0.797
Experiment: common_functions_fc(30)-fc(30)-fc(30)_gauss[x]
Accuracy | Precision | Recall | F1 | AUC | AUC prob.
0.944 | 0.948 | 0.823 | 0.869 | 0.997 | 0.955
0.959 | 0.949 | 0.920 | 0.931 | 0.998 | 0.973
0.950 | 0.950 | 0.845 | 0.880 | 0.998 | 0.955
0.954 | 0.939 | 0.901 | 0.911 | 0.998 | 0.964
0.946 | 0.945 | 0.851 | 0.886 | 0.997 | 0.948
0.955 | 0.934 | 0.909 | 0.918 | 0.998 | 0.964
0.933 | 0.916 | 0.775 | 0.798 | 0.996 | 0.929
0.954 | 0.944 | 0.918 | 0.930 | 0.998 | 0.968
Experiment: common_functions_fc(30)-fc(30)-fc(30)_hardsigmoid
Accuracy | Precision | Recall | F1 | AUC | AUC prob.
0.917 | 0.923 | 0.844 | 0.876 | 0.995 | 0.946
0.910 | 0.824 | 0.893 | 0.847 | 0.995 | 0.932
0.889 | 0.906 | 0.765 | 0.816 | 0.992 | 0.920
0.897 | 0.875 | 0.867 | 0.868 | 0.994 | 0.941
0.916 | 0.919 | 0.740 | 0.782 | 0.995 | 0.934
0.941 | 0.914 | 0.918 | 0.915 | 0.997 | 0.963
0.909 | 0.916 | 0.737 | 0.778 | 0.994 | 0.910
0.930 | 0.883 | 0.892 | 0.885 | 0.996 | 0.944
Experiment: common_functions_fc(30)-fc(30)-fc(30)_hardtanh
Accuracy | Precision | Recall | F1 | AUC | AUC prob.
0.925 | 0.931 | 0.752 | 0.790 | 0.997 | 0.945
0.943 | 0.940 | 0.899 | 0.916 | 0.998 | 0.967
0.909 | 0.913 | 0.683 | 0.705 | 0.995 | 0.931
0.937 | 0.929 | 0.902 | 0.913 | 0.997 | 0.961
0.937 | 0.934 | 0.775 | 0.804 | 0.996 | 0.922
0.948 | 0.914 | 0.907 | 0.909 | 0.998 | 0.949
0.915 | 0.917 | 0.701 | 0.734 | 0.995 | 0.900
0.944 | 0.920 | 0.895 | 0.905 | 0.997 | 0.947
Experiment: common_functions_fc(30)-fc(30)-fc(30)_leakyrelu(a=0.01)
Accuracy | Precision | Recall | F1 | AUC | AUC prob.
0.933 | 0.939 | 0.810 | 0.849 | 0.997 | 0.965
0.947 | 0.931 | 0.904 | 0.911 | 0.998 | 0.972
0.943 | 0.948 | 0.836 | 0.871 | 0.998 | 0.971
0.949 | 0.932 | 0.923 | 0.924 | 0.998 | 0.972
0.951 | 0.950 | 0.898 | 0.920 | 0.998 | 0.976
0.958 | 0.958 | 0.929 | 0.942 | 0.998 | 0.980
0.946 | 0.943 | 0.886 | 0.910 | 0.997 | 0.968
0.956 | 0.948 | 0.934 | 0.940 | 0.998 | 0.977
Experiment: common_functions_fc(30)-fc(30)-fc(30)_pow2[x]
Accuracy | Precision | Recall | F1 | AUC | AUC prob.
0.941 | 0.943 | 0.899 | 0.918 | 0.992 | 0.959
0.951 | 0.940 | 0.918 | 0.928 | 0.994 | 0.965
0.933 | 0.940 | 0.859 | 0.892 | 0.990 | 0.951
0.948 | 0.935 | 0.911 | 0.922 | 0.997 | 0.963
0.940 | 0.938 | 0.892 | 0.912 | 0.994 | 0.958
0.949 | 0.947 | 0.909 | 0.926 | 0.997 | 0.965
0.925 | 0.915 | 0.871 | 0.892 | 0.993 | 0.945
0.945 | 0.942 | 0.904 | 0.921 | 0.996 | 0.962
Experiment: common_functions_fc(30)-fc(30)-fc(30)_pow3[x]
Accuracy | Precision | Recall | F1 | AUC | AUC prob.
0.906 | 0.926 | 0.806 | 0.852 | 0.978 | 0.919
0.919 | 0.932 | 0.870 | 0.895 | 0.979 | 0.942
0.898 | 0.915 | 0.817 | 0.858 | 0.987 | 0.923
0.928 | 0.930 | 0.821 | 0.864 | 0.974 | 0.915
0.909 | 0.914 | 0.790 | 0.834 | 0.971 | 0.902
0.925 | 0.937 | 0.836 | 0.876 | 0.984 | 0.939
0.768 | 0.813 | 0.636 | 0.694 | 0.931 | 0.734
0.907 | 0.918 | 0.810 | 0.853 | 0.977 | 0.906
Experiment: common_functions_fc(30)-fc(30)-fc(30)_rationaltanh
Accuracy | Precision | Recall | F1 | AUC | AUC prob.
0.904 | 0.915 | 0.740 | 0.769 | 0.994 | 0.936
0.922 | 0.891 | 0.907 | 0.894 | 0.996 | 0.950
0.896 | 0.903 | 0.738 | 0.762 | 0.993 | 0.917
0.885 | 0.842 | 0.850 | 0.833 | 0.993 | 0.931
0.918 | 0.918 | 0.713 | 0.747 | 0.996 | 0.932
0.944 | 0.899 | 0.924 | 0.910 | 0.998 | 0.962
0.913 | 0.903 | 0.685 | 0.786 | 0.995 | 0.920
0.939 | 0.925 | 0.900 | 0.911 | 0.997 | 0.954
Experiment: common_functions_fc(30)-fc(30)-fc(30)_rectifiedtanh
Accuracy | Precision | Recall | F1 | AUC | AUC prob.
0.920 | 0.906 | 0.672 | 0.767 | 0.996 | 0.926
0.936 | 0.854 | 0.906 | 0.868 | 0.997 | 0.949
0.914 | 0.879 | 0.647 | 0.849 | 0.995 | 0.911
0.937 | 0.860 | 0.886 | 0.856 | 0.997 | 0.949
0.932 | 0.906 | 0.717 | 0.913 | 0.996 | 0.925
0.945 | 0.929 | 0.823 | 0.834 | 0.997 | 0.956
0.922 | 0.896 | 0.705 | 0.901 | 0.995 | 0.917
0.942 | 0.923 | 0.888 | 0.898 | 0.997 | 0.945
Experiment: common_functions_fc(30)-fc(30)-fc(30)_relu
Accuracy | Precision | Recall | F1 | AUC | AUC prob.
0.934 | 0.942 | 0.823 | 0.864 | 0.997 | 0.964
0.952 | 0.947 | 0.918 | 0.930 | 0.998 | 0.976
0.940 | 0.943 | 0.791 | 0.827 | 0.998 | 0.968
0.946 | 0.933 | 0.928 | 0.928 | 0.998 | 0.972
0.952 | 0.954 | 0.895 | 0.919 | 0.998 | 0.975
0.959 | 0.956 | 0.932 | 0.943 | 0.998 | 0.980
0.945 | 0.943 | 0.886 | 0.909 | 0.997 | 0.969
0.956 | 0.948 | 0.934 | 0.940 | 0.998 | 0.977
Experiment: common_functions_fc(30)-fc(30)-fc(30)_relu6
Accuracy | Precision | Recall | F1 | AUC | AUC prob.
0.937 | 0.943 | 0.816 | 0.858 | 0.997 | 0.967
0.950 | 0.933 | 0.910 | 0.916 | 0.998 | 0.972
0.938 | 0.940 | 0.777 | 0.808 | 0.997 | 0.966
0.944 | 0.931 | 0.905 | 0.913 | 0.998 | 0.969
0.951 | 0.951 | 0.858 | 0.889 | 0.998 | 0.973
0.957 | 0.953 | 0.912 | 0.928 | 0.998 | 0.976
0.944 | 0.943 | 0.875 | 0.902 | 0.997 | 0.967
0.956 | 0.949 | 0.932 | 0.939 | 0.998 | 0.975
Experiment: common_functions_fc(30)-fc(30)-fc(30)_selu
Accuracy | Precision | Recall | F1 | AUC | AUC prob.
0.886 | 0.870 | 0.642 | 0.732 | 0.993 | 0.906
0.883 | 0.810 | 0.785 | 0.739 | 0.992 | 0.903
0.865 | 0.756 | 0.592 | 0.750 | 0.989 | 0.852
0.838 | 0.767 | 0.674 | 0.740 | 0.989 | 0.866
0.930 | 0.940 | 0.832 | 0.869 | 0.997 | 0.962
0.951 | 0.938 | 0.929 | 0.933 | 0.998 | 0.973
0.924 | 0.927 | 0.763 | 0.788 | 0.996 | 0.942
0.942 | 0.939 | 0.904 | 0.920 | 0.997 | 0.964
Experiment: common_functions_fc(30)-fc(30)-fc(30)_sigmoid
Accuracy | Precision | Recall | F1 | AUC | AUC prob.
0.905 | 0.914 | 0.777 | 0.798 | 0.995 | 0.939
0.841 | 0.701 | 0.815 | 0.707 | 0.990 | 0.882
0.886 | 0.896 | 0.659 | 0.672 | 0.991 | 0.879
0.848 | 0.834 | 0.811 | 0.809 | 0.990 | 0.912
0.903 | 0.902 | 0.651 | 0.672 | 0.995 | 0.913
0.938 | 0.875 | 0.921 | 0.894 | 0.997 | 0.958
0.906 | 0.897 | 0.673 | 0.771 | 0.994 | 0.908
0.936 | 0.919 | 0.899 | 0.907 | 0.997 | 0.952
Experiment: common_functions_fc(30)-fc(30)-fc(30)_sin[x]
Accuracy | Precision | Recall | F1 | AUC | AUC prob.
0.953 | 0.956 | 0.888 | 0.914 | 0.998 | 0.970
0.958 | 0.942 | 0.941 | 0.941 | 0.998 | 0.975
0.945 | 0.942 | 0.877 | 0.903 | 0.996 | 0.957
0.951 | 0.946 | 0.911 | 0.927 | 0.997 | 0.968
0.954 | 0.949 | 0.893 | 0.915 | 0.998 | 0.966
0.959 | 0.954 | 0.925 | 0.938 | 0.998 | 0.977
0.949 | 0.944 | 0.887 | 0.910 | 0.997 | 0.959
0.959 | 0.950 | 0.924 | 0.936 | 0.998 | 0.974
Experiment: common_functions_fc(30)-fc(30)-fc(30)_softmax
Accuracy | Precision | Recall | F1 | AUC | AUC prob.
0.933 | 0.942 | 0.819 | 0.866 | 0.997 | 0.962
0.941 | 0.874 | 0.910 | 0.879 | 0.997 | 0.957
0.931 | 0.937 | 0.823 | 0.864 | 0.996 | 0.956
0.936 | 0.926 | 0.908 | 0.915 | 0.997 | 0.965
0.949 | 0.948 | 0.878 | 0.907 | 0.997 | 0.968
0.953 | 0.927 | 0.921 | 0.921 | 0.998 | 0.973
0.942 | 0.941 | 0.860 | 0.892 | 0.997 | 0.958
0.954 | 0.948 | 0.912 | 0.927 | 0.998 | 0.969
Experiment: common_functions_fc(30)-fc(30)-fc(30)_softplus
Accuracy | Precision | Recall | F1 | AUC | AUC prob.
0.895 | 0.907 | 0.707 | 0.759 | 0.994 | 0.924
0.922 | 0.864 | 0.921 | 0.888 | 0.996 | 0.958
0.878 | 0.891 | 0.661 | 0.701 | 0.992 | 0.910
0.919 | 0.910 | 0.896 | 0.901 | 0.996 | 0.959
0.939 | 0.942 | 0.880 | 0.905 | 0.997 | 0.970
0.952 | 0.949 | 0.921 | 0.933 | 0.998 | 0.976
0.928 | 0.933 | 0.872 | 0.897 | 0.996 | 0.959
0.944 | 0.943 | 0.913 | 0.927 | 0.998 | 0.973
Experiment: common_functions_fc(30)-fc(30)-fc(30)_softsign
Accuracy | Precision | Recall | F1 | AUC | AUC prob.
0.883 | 0.872 | 0.620 | 0.731 | 0.994 | 0.909
0.910 | 0.889 | 0.861 | 0.863 | 0.995 | 0.944
0.893 | 0.867 | 0.635 | 0.836 | 0.994 | 0.880
0.919 | 0.908 | 0.879 | 0.886 | 0.996 | 0.950
0.886 | 0.821 | 0.709 | 0.796 | 0.993 | 0.895
0.936 | 0.852 | 0.920 | 0.880 | 0.997 | 0.952
0.905 | 0.769 | 0.665 | 0.756 | 0.994 | 0.843
0.929 | 0.831 | 0.918 | 0.863 | 0.996 | 0.944
Experiment: common_functions_fc(30)-fc(30)-fc(30)_swish
Accuracy | Precision | Recall | F1 | AUC | AUC prob.
0.942 | 0.945 | 0.876 | 0.903 | 0.997 | 0.968
0.954 | 0.948 | 0.929 | 0.937 | 0.998 | 0.975
0.929 | 0.940 | 0.823 | 0.866 | 0.996 | 0.960
0.945 | 0.943 | 0.923 | 0.932 | 0.998 | 0.973
0.953 | 0.958 | 0.886 | 0.915 | 0.998 | 0.976
0.960 | 0.954 | 0.936 | 0.944 | 0.998 | 0.979
0.944 | 0.944 | 0.899 | 0.918 | 0.997 | 0.970
0.956 | 0.951 | 0.921 | 0.935 | 0.998 | 0.976
Experiment: common_functions_fc(30)-fc(30)-fc(30)_tan[x]
Accuracy | Precision | Recall | F1 | AUC | AUC prob.
0.271 | 0.090 | 0.112 | 0.050 | 0.665 | 0.226
0.269 | 0.098 | 0.111 | 0.055 | 0.495 | 0.114
0.270 | 0.200 | 0.111 | 0.054 | 0.788 | 0.308
0.686 | 0.429 | 0.395 | 0.395 | 0.957 | 0.526
0.270 | 0.054 | 0.111 | 0.085 | 0.518 | 0.117
0.270 | 0.254 | 0.111 | 0.085 | 0.554 | 0.123
0.270 | 0.317 | 0.111 | 0.107 | 0.508 | 0.116
0.270 | 0.067 | 0.111 | 0.106 | 0.514 | 0.120
Experiment: common_functions_fc(30)-fc(30)-fc(30)_tanh
Accuracy | Precision | Recall | F1 | AUC | AUC prob.
0.889 | 0.867 | 0.604 | 0.699 | 0.994 | 0.895
0.916 | 0.855 | 0.905 | 0.871 | 0.996 | 0.948
0.895 | 0.899 | 0.697 | 0.730 | 0.994 | 0.917
0.921 | 0.916 | 0.876 | 0.892 | 0.996 | 0.952
0.938 | 0.937 | 0.763 | 0.782 | 0.997 | 0.946
0.947 | 0.884 | 0.927 | 0.902 | 0.998 | 0.961
0.922 | 0.898 | 0.695 | 0.895 | 0.995 | 0.912
0.945 | 0.909 | 0.914 | 0.911 | 0.997 | 0.954
Experiment: common_functions_fc(30)-fc(30)-fc(30)_thresholdedrelu(theta=1.0)
Accuracy | Precision | Recall | F1 | AUC | AUC prob.
0.388 | 0.473 | 0.299 | 0.293 | 0.767 | 0.435
0.271 | 0.610 | 0.141 | 0.219 | 0.549 | 0.199
0.399 | 0.576 | 0.367 | 0.373 | 0.740 | 0.440
0.273 | 0.676 | 0.187 | 0.385 | 0.537 | 0.185
0.792 | 0.839 | 0.779 | 0.788 | 0.970 | 0.843
0.719 | 0.776 | 0.725 | 0.721 | 0.951 | 0.766
0.878 | 0.883 | 0.790 | 0.808 | 0.987 | 0.864
0.867 | 0.881 | 0.848 | 0.862 | 0.981 | 0.865
Experiment: common_functions_fc(30)-fc(30)_cos[x]
Accuracy | Precision | Recall | F1 | AUC | AUC prob.
0.954 | 0.952 | 0.896 | 0.920 | 0.998 | 0.972
0.960 | 0.952 | 0.930 | 0.940 | 0.998 | 0.976
0.948 | 0.946 | 0.883 | 0.908 | 0.997 | 0.962
0.954 | 0.955 | 0.911 | 0.930 | 0.998 | 0.975
0.956 | 0.942 | 0.900 | 0.917 | 0.998 | 0.963
0.959 | 0.956 | 0.922 | 0.938 | 0.999 | 0.976
0.944 | 0.941 | 0.879 | 0.905 | 0.997 | 0.958
0.957 | 0.956 | 0.918 | 0.935 | 0.998 | 0.974
Experiment: common_functions_fc(30)-fc(30)_elu(alpha=1.0)
Accuracy | Precision | Recall | F1 | AUC | AUC prob.
0.917 | 0.914 | 0.759 | 0.795 | 0.996 | 0.939
0.935 | 0.943 | 0.880 | 0.907 | 0.997 | 0.965
0.891 | 0.838 | 0.672 | 0.763 | 0.992 | 0.834
0.905 | 0.914 | 0.730 | 0.757 | 0.994 | 0.913
0.933 | 0.942 | 0.864 | 0.895 | 0.997 | 0.955
0.948 | 0.951 | 0.905 | 0.926 | 0.998 | 0.971
0.915 | 0.892 | 0.772 | 0.802 | 0.995 | 0.901
0.935 | 0.939 | 0.874 | 0.901 | 0.997 | 0.952
Experiment: common_functions_fc(30)-fc(30)_exp[x]
Accuracy | Precision | Recall | F1 | AUC | AUC prob.
0.889 | 0.912 | 0.844 | 0.874 | 0.993 | 0.940
0.902 | 0.923 | 0.787 | 0.836 | 0.995 | 0.943
0.896 | 0.915 | 0.841 | 0.873 | 0.993 | 0.936
0.900 | 0.915 | 0.805 | 0.848 | 0.994 | 0.930
0.879 | 0.857 | 0.802 | 0.826 | 0.986 | 0.880
0.907 | 0.887 | 0.845 | 0.862 | 0.995 | 0.931
0.903 | 0.895 | 0.845 | 0.868 | 0.991 | 0.921
0.895 | 0.895 | 0.813 | 0.848 | 0.992 | 0.913
Experiment: common_functions_fc(30)-fc(30)_gauss[x]
Accuracy | Precision | Recall | F1 | AUC | AUC prob.
0.945 | 0.946 | 0.821 | 0.862 | 0.998 | 0.960
0.954 | 0.946 | 0.923 | 0.933 | 0.998 | 0.973
0.943 | 0.947 | 0.836 | 0.876 | 0.997 | 0.959
0.949 | 0.921 | 0.919 | 0.918 | 0.998 | 0.968
0.945 | 0.940 | 0.813 | 0.847 | 0.998 | 0.955
0.955 | 0.951 | 0.912 | 0.929 | 0.998 | 0.972
0.939 | 0.926 | 0.845 | 0.874 | 0.997 | 0.945
0.953 | 0.946 | 0.895 | 0.915 | 0.998 | 0.967
Experiment: common_functions_fc(30)-fc(30)_hardsigmoid
Accuracy | Precision | Recall | F1 | AUC | AUC prob.
0.916 | 0.919 | 0.798 | 0.830 | 0.995 | 0.945
0.923 | 0.927 | 0.856 | 0.885 | 0.996 | 0.951
0.871 | 0.894 | 0.693 | 0.721 | 0.991 | 0.910
0.904 | 0.899 | 0.867 | 0.880 | 0.994 | 0.941
0.921 | 0.929 | 0.780 | 0.822 | 0.996 | 0.944
0.939 | 0.939 | 0.880 | 0.905 | 0.997 | 0.962
0.901 | 0.911 | 0.747 | 0.787 | 0.994 | 0.925
0.926 | 0.907 | 0.891 | 0.896 | 0.996 | 0.945
Experiment: common_functions_fc(30)-fc(30)_hardtanh
Accuracy | Precision | Recall | F1 | AUC | AUC prob.
0.930 | 0.926 | 0.785 | 0.810 | 0.997 | 0.955
0.935 | 0.896 | 0.898 | 0.891 | 0.997 | 0.950
0.909 | 0.899 | 0.680 | 0.773 | 0.995 | 0.925
0.924 | 0.918 | 0.873 | 0.891 | 0.996 | 0.952
0.924 | 0.833 | 0.694 | 0.716 | 0.996 | 0.887
0.949 | 0.942 | 0.894 | 0.915 | 0.998 | 0.959
0.909 | 0.882 | 0.664 | 0.864 | 0.994 | 0.836
0.938 | 0.930 | 0.855 | 0.882 | 0.997 | 0.954
Experiment: common_functions_fc(30)-fc(30)_leakyrelu(a=0.01)
Accuracy | Precision | Recall | F1 | AUC | AUC prob.
0.925 | 0.927 | 0.743 | 0.761 | 0.997 | 0.942
0.946 | 0.934 | 0.917 | 0.925 | 0.998 | 0.965
0.923 | 0.906 | 0.717 | 0.743 | 0.996 | 0.937
0.943 | 0.943 | 0.874 | 0.903 | 0.997 | 0.960
0.939 | 0.938 | 0.840 | 0.872 | 0.997 | 0.958
0.952 | 0.950 | 0.911 | 0.928 | 0.998 | 0.973
0.927 | 0.914 | 0.840 | 0.868 | 0.996 | 0.936
0.944 | 0.944 | 0.889 | 0.913 | 0.997 | 0.967
Experiment: common_functions_fc(30)-fc(30)_log[abs[x]]
Accuracy | Precision | Recall | F1 | AUC | AUC prob.
0.457 | 0.456 | 0.309 | 0.319 | 0.858 | 0.350
Experiment: common_functions_fc(30)-fc(30)_pow2[x]
Accuracy | Precision | Recall | F1 | AUC | AUC prob.
0.930 | 0.932 | 0.867 | 0.895 | 0.995 | 0.948
0.935 | 0.935 | 0.866 | 0.895 | 0.996 | 0.952
0.919 | 0.910 | 0.833 | 0.865 | 0.995 | 0.932
0.931 | 0.930 | 0.860 | 0.890 | 0.995 | 0.951
0.932 | 0.932 | 0.843 | 0.877 | 0.994 | 0.939
0.941 | 0.932 | 0.896 | 0.912 | 0.997 | 0.957
0.922 | 0.918 | 0.849 | 0.878 | 0.994 | 0.937
0.935 | 0.928 | 0.881 | 0.903 | 0.996 | 0.956
Experiment: common_functions_fc(30)-fc(30)_pow3[x]
Accuracy | Precision | Recall | F1 | AUC | AUC prob.
0.913 | 0.924 | 0.809 | 0.852 | 0.994 | 0.926
0.911 | 0.928 | 0.846 | 0.880 | 0.993 | 0.945
0.906 | 0.916 | 0.752 | 0.797 | 0.992 | 0.902
0.914 | 0.930 | 0.829 | 0.871 | 0.986 | 0.927
0.925 | 0.931 | 0.846 | 0.878 | 0.995 | 0.944
0.934 | 0.941 | 0.875 | 0.903 | 0.997 | 0.961
0.891 | 0.909 | 0.765 | 0.804 | 0.987 | 0.875
0.925 | 0.938 | 0.856 | 0.890 | 0.995 | 0.952
Experiment: common_functions_fc(30)-fc(30)_rationaltanh
Accuracy | Precision | Recall | F1 | AUC | AUC prob.
0.909 | 0.843 | 0.685 | 0.694 | 0.995 | 0.912
0.908 | 0.918 | 0.816 | 0.851 | 0.995 | 0.942
0.899 | 0.893 | 0.689 | 0.798 | 0.993 | 0.891
0.912 | 0.897 | 0.812 | 0.822 | 0.995 | 0.937
0.926 | 0.912 | 0.753 | 0.871 | 0.996 | 0.934
0.935 | 0.853 | 0.919 | 0.879 | 0.997 | 0.952
0.907 | 0.899 | 0.686 | 0.796 | 0.994 | 0.878
0.933 | 0.913 | 0.887 | 0.896 | 0.997 | 0.947
Experiment: common_functions_fc(30)-fc(30)_rectifiedtanh
Accuracy | Precision | Recall | F1 | AUC | AUC prob.
0.928 | 0.913 | 0.695 | 0.786 | 0.997 | 0.939
0.945 | 0.932 | 0.880 | 0.891 | 0.998 | 0.964
0.919 | 0.907 | 0.716 | 0.818 | 0.996 | 0.940
0.940 | 0.938 | 0.769 | 0.788 | 0.997 | 0.958
0.925 | 0.898 | 0.717 | 0.909 | 0.996 | 0.934
0.942 | 0.912 | 0.868 | 0.876 | 0.997 | 0.953
0.912 | 0.889 | 0.691 | 0.888 | 0.994 | 0.856
0.935 | 0.923 | 0.855 | 0.878 | 0.997 | 0.939
Experiment: common_functions_fc(30)-fc(30)_relu
Accuracy | Precision | Recall | F1 | AUC | AUC prob.
0.929 | 0.928 | 0.744 | 0.760 | 0.997 | 0.948
0.945 | 0.940 | 0.901 | 0.918 | 0.997 | 0.964
0.922 | 0.922 | 0.721 | 0.753 | 0.996 | 0.938
0.943 | 0.944 | 0.869 | 0.901 | 0.997 | 0.960
0.940 | 0.935 | 0.838 | 0.869 | 0.997 | 0.954
0.952 | 0.953 | 0.895 | 0.919 | 0.998 | 0.973
0.927 | 0.912 | 0.840 | 0.868 | 0.996 | 0.938
0.945 | 0.947 | 0.892 | 0.916 | 0.997 | 0.967
Experiment: common_functions_fc(30)-fc(30)_relu6
Accuracy | Precision | Recall | F1 | AUC | AUC prob.
0.925 | 0.929 | 0.758 | 0.789 | 0.996 | 0.945
0.947 | 0.941 | 0.902 | 0.919 | 0.998 | 0.961
0.926 | 0.921 | 0.737 | 0.769 | 0.996 | 0.942
0.943 | 0.946 | 0.867 | 0.900 | 0.997 | 0.959
0.940 | 0.936 | 0.831 | 0.863 | 0.997 | 0.948
0.951 | 0.950 | 0.881 | 0.909 | 0.998 | 0.967
0.928 | 0.920 | 0.838 | 0.868 | 0.996 | 0.939
0.944 | 0.941 | 0.895 | 0.915 | 0.998 | 0.966
Experiment: common_functions_fc(30)-fc(30)_rrelu(l=0.125, u=0.3333333333333333)
Accuracy | Precision | Recall | F1 | AUC | AUC prob.
0.006 | 0.006 | 0.174 | 0.013 | 0.684 | 0.291
Experiment: common_functions_fc(30)-fc(30)_selu
Accuracy | Precision | Recall | F1 | AUC | AUC prob.
0.875 | 0.884 | 0.663 | 0.661 | 0.992 | 0.875
0.908 | 0.908 | 0.799 | 0.833 | 0.995 | 0.925
0.872 | 0.869 | 0.638 | 0.732 | 0.991 | 0.834
0.862 | 0.862 | 0.670 | 0.698 | 0.991 | 0.868
0.930 | 0.938 | 0.855 | 0.888 | 0.996 | 0.942
0.944 | 0.945 | 0.886 | 0.911 | 0.997 | 0.962
0.908 | 0.894 | 0.757 | 0.791 | 0.994 | 0.895
0.929 | 0.932 | 0.855 | 0.886 | 0.996 | 0.941
Experiment: common_functions_fc(30)-fc(30)_sigmoid
Accuracy | Precision | Recall | F1 | AUC | AUC prob.
0.897 | 0.791 | 0.683 | 0.700 | 0.994 | 0.902
0.900 | 0.909 | 0.853 | 0.876 | 0.994 | 0.941
0.878 | 0.877 | 0.650 | 0.747 | 0.991 | 0.858
0.888 | 0.899 | 0.734 | 0.765 | 0.992 | 0.901
0.916 | 0.909 | 0.719 | 0.841 | 0.996 | 0.913
0.937 | 0.899 | 0.916 | 0.907 | 0.997 | 0.959
0.901 | 0.893 | 0.672 | 0.774 | 0.993 | 0.869
0.926 | 0.915 | 0.870 | 0.887 | 0.996 | 0.942
Experiment: common_functions_fc(30)-fc(30)_sin[x]
Accuracy | Precision | Recall | F1 | AUC | AUC prob.
0.953 | 0.953 | 0.911 | 0.929 | 0.998 | 0.973
0.956 | 0.951 | 0.928 | 0.939 | 0.998 | 0.977
0.940 | 0.940 | 0.879 | 0.904 | 0.997 | 0.956
0.948 | 0.951 | 0.906 | 0.925 | 0.998 | 0.970
0.953 | 0.952 | 0.897 | 0.920 | 0.998 | 0.971
0.959 | 0.959 | 0.924 | 0.940 | 0.998 | 0.976
0.944 | 0.938 | 0.885 | 0.906 | 0.997 | 0.957
0.956 | 0.951 | 0.920 | 0.934 | 0.998 | 0.975
Experiment: common_functions_fc(30)-fc(30)_softmax
Accuracy | Precision | Recall | F1 | AUC | AUC prob.
0.933 | 0.942 | 0.826 | 0.863 | 0.997 | 0.962
0.942 | 0.934 | 0.913 | 0.922 | 0.997 | 0.967
0.920 | 0.917 | 0.789 | 0.823 | 0.995 | 0.937
0.928 | 0.934 | 0.852 | 0.884 | 0.996 | 0.953
0.939 | 0.940 | 0.835 | 0.870 | 0.997 | 0.962
0.951 | 0.952 | 0.911 | 0.929 | 0.998 | 0.972
0.929 | 0.912 | 0.829 | 0.851 | 0.996 | 0.943
0.946 | 0.945 | 0.913 | 0.927 | 0.997 | 0.968
Experiment: common_functions_fc(30)-fc(30)_softplus
Accuracy | Precision | Recall | F1 | AUC | AUC prob.
0.919 | 0.932 | 0.804 | 0.846 | 0.996 | 0.953
0.931 | 0.943 | 0.848 | 0.886 | 0.997 | 0.966
0.897 | 0.893 | 0.686 | 0.710 | 0.993 | 0.866
0.913 | 0.925 | 0.769 | 0.812 | 0.995 | 0.926
0.931 | 0.936 | 0.873 | 0.900 | 0.997 | 0.962
0.947 | 0.948 | 0.914 | 0.929 | 0.998 | 0.973
0.916 | 0.916 | 0.789 | 0.822 | 0.995 | 0.923
0.934 | 0.939 | 0.882 | 0.907 | 0.997 | 0.964
Experiment: common_functions_fc(30)-fc(30)_softsign
Accuracy | Precision | Recall | F1 | AUC | AUC prob.
0.910 | 0.890 | 0.695 | 0.891 | 0.995 | 0.921
0.902 | 0.907 | 0.837 | 0.862 | 0.995 | 0.937
0.901 | 0.880 | 0.677 | 0.874 | 0.994 | 0.845
0.891 | 0.883 | 0.679 | 0.767 | 0.993 | 0.890
0.906 | 0.872 | 0.650 | 0.847 | 0.995 | 0.879
0.942 | 0.914 | 0.913 | 0.911 | 0.997 | 0.958
0.907 | 0.685 | 0.670 | 0.675 | 0.994 | 0.791
0.933 | 0.924 | 0.869 | 0.889 | 0.997 | 0.947
Experiment: common_functions_fc(30)-fc(30)_swish
Accuracy | Precision | Recall | F1 | AUC | AUC prob.
0.935 | 0.936 | 0.790 | 0.831 | 0.997 | 0.956
0.952 | 0.946 | 0.908 | 0.924 | 0.998 | 0.973
0.927 | 0.929 | 0.824 | 0.856 | 0.996 | 0.945
0.940 | 0.943 | 0.868 | 0.899 | 0.997 | 0.958
0.942 | 0.947 | 0.867 | 0.898 | 0.997 | 0.968
0.955 | 0.949 | 0.925 | 0.936 | 0.998 | 0.976
0.931 | 0.926 | 0.832 | 0.864 | 0.996 | 0.941
0.947 | 0.949 | 0.896 | 0.919 | 0.998 | 0.969
Experiment: common_functions_fc(30)-fc(30)_tan[x]
Accuracy | Precision | Recall | F1 | AUC | AUC prob.
0.269 | 0.109 | 0.111 | 0.054 | 0.494 | 0.112
0.268 | 0.096 | 0.111 | 0.050 | 0.499 | 0.110
0.274 | 0.092 | 0.114 | 0.059 | 0.750 | 0.267
0.701 | 0.430 | 0.401 | 0.398 | 0.919 | 0.507
0.270 | 0.121 | 0.111 | 0.085 | 0.525 | 0.118
0.270 | 0.113 | 0.111 | 0.071 | 0.544 | 0.130
0.270 | 0.123 | 0.112 | 0.063 | 0.590 | 0.149
0.270 | 0.155 | 0.111 | 0.061 | 0.539 | 0.128
Experiment: common_functions_fc(30)-fc(30)_tanh
Accuracy | Precision | Recall | F1 | AUC | AUC prob.
0.925 | 0.917 | 0.771 | 0.799 | 0.996 | 0.941
0.928 | 0.917 | 0.899 | 0.905 | 0.996 | 0.952
0.909 | 0.798 | 0.676 | 0.681 | 0.994 | 0.887
0.915 | 0.912 | 0.812 | 0.838 | 0.995 | 0.938
0.929 | 0.922 | 0.734 | 0.755 | 0.997 | 0.929
0.945 | 0.897 | 0.924 | 0.907 | 0.998 | 0.957
0.915 | 0.778 | 0.680 | 0.771 | 0.995 | 0.857
0.939 | 0.917 | 0.906 | 0.911 | 0.997 | 0.956
Experiment: common_functions_fc(30)-fc(30)_thresholdedrelu(theta=1.0)
Accuracy | Precision | Recall | F1 | AUC | AUC prob.
0.450 | 0.740 | 0.484 | 0.544 | 0.832 | 0.517
0.298 | 0.320 | 0.211 | 0.228 | 0.619 | 0.283
0.440 | 0.591 | 0.472 | 0.436 | 0.817 | 0.503
0.272 | 0.681 | 0.155 | 0.333 | 0.520 | 0.152
0.820 | 0.855 | 0.785 | 0.807 | 0.978 | 0.836
0.829 | 0.886 | 0.719 | 0.752 | 0.976 | 0.853
0.885 | 0.874 | 0.716 | 0.728 | 0.989 | 0.842
0.835 | 0.861 | 0.725 | 0.753 | 0.988 | 0.866
Experiment: common_functions_fc(50)-fc(50)_cos[x]
Accuracy | Precision | Recall | F1 | AUC | AUC prob.
0.959 | 0.958 | 0.924 | 0.939 | 0.998 | 0.976
0.962 | 0.958 | 0.939 | 0.948 | 0.999 | 0.981
0.955 | 0.957 | 0.898 | 0.923 | 0.998 | 0.972
0.957 | 0.953 | 0.933 | 0.942 | 0.998 | 0.975
0.960 | 0.960 | 0.922 | 0.939 | 0.998 | 0.978
0.963 | 0.957 | 0.946 | 0.951 | 0.999 | 0.984
0.955 | 0.950 | 0.906 | 0.925 | 0.998 | 0.971
0.962 | 0.959 | 0.933 | 0.945 | 0.999 | 0.980
Experiment: common_functions_fc(50)-fc(50)_elu(alpha=1.0)
Accuracy | Precision | Recall | F1 | AUC | AUC prob.
0.915 | 0.870 | 0.752 | 0.785 | 0.996 | 0.912
0.941 | 0.941 | 0.914 | 0.926 | 0.997 | 0.972
0.884 | 0.872 | 0.680 | 0.697 | 0.993 | 0.875
0.917 | 0.929 | 0.784 | 0.826 | 0.996 | 0.938
0.935 | 0.939 | 0.860 | 0.892 | 0.997 | 0.961
0.953 | 0.955 | 0.913 | 0.931 | 0.998 | 0.978
0.922 | 0.912 | 0.800 | 0.836 | 0.996 | 0.928
0.939 | 0.942 | 0.890 | 0.913 | 0.997 | 0.967
Experiment: common_functions_fc(50)-fc(50)_exp[x]
Accuracy | Precision | Recall | F1 | AUC | AUC prob.
0.906 | 0.927 | 0.833 | 0.872 | 0.995 | 0.949
0.895 | 0.920 | 0.829 | 0.867 | 0.994 | 0.945
0.901 | 0.924 | 0.826 | 0.866 | 0.994 | 0.940
0.885 | 0.913 | 0.761 | 0.814 | 0.994 | 0.929
0.915 | 0.862 | 0.829 | 0.841 | 0.978 | 0.859
0.916 | 0.883 | 0.825 | 0.850 | 0.988 | 0.904
0.913 | 0.870 | 0.849 | 0.857 | 0.980 | 0.877
0.925 | 0.906 | 0.855 | 0.878 | 0.989 | 0.915
Experiment: common_functions_fc(50)-fc(50)_gauss[x]
Accuracy | Precision | Recall | F1 | AUC | AUC prob.
0.955 | 0.950 | 0.838 | 0.873 | 0.998 | 0.964
0.960 | 0.946 | 0.925 | 0.933 | 0.998 | 0.973
0.948 | 0.945 | 0.812 | 0.854 | 0.997 | 0.951
0.960 | 0.955 | 0.925 | 0.938 | 0.998 | 0.974
0.954 | 0.948 | 0.861 | 0.891 | 0.998 | 0.957
0.958 | 0.927 | 0.929 | 0.926 | 0.998 | 0.970
0.949 | 0.946 | 0.846 | 0.880 | 0.997 | 0.951
0.959 | 0.947 | 0.918 | 0.930 | 0.998 | 0.970
Experiment: common_functions_fc(50)-fc(50)_hardsigmoid
Accuracy | Precision | Recall | F1 | AUC | AUC prob.
0.913 | 0.922 | 0.809 | 0.843 | 0.995 | 0.941
0.900 | 0.810 | 0.872 | 0.821 | 0.996 | 0.942
0.877 | 0.898 | 0.772 | 0.810 | 0.991 | 0.914
0.881 | 0.852 | 0.840 | 0.838 | 0.992 | 0.927
0.915 | 0.922 | 0.759 | 0.801 | 0.995 | 0.936
0.941 | 0.905 | 0.921 | 0.911 | 0.997 | 0.965
0.903 | 0.909 | 0.776 | 0.817 | 0.993 | 0.922
0.931 | 0.910 | 0.895 | 0.901 | 0.996 | 0.952
Experiment: common_functions_fc(50)-fc(50)_hardtanh
Accuracy | Precision | Recall | F1 | AUC | AUC prob.
0.935 | 0.940 | 0.820 | 0.860 | 0.997 | 0.959
0.938 | 0.880 | 0.917 | 0.891 | 0.997 | 0.959
0.929 | 0.931 | 0.799 | 0.838 | 0.996 | 0.946
0.933 | 0.932 | 0.869 | 0.892 | 0.997 | 0.958
0.928 | 0.911 | 0.750 | 0.787 | 0.997 | 0.926
0.954 | 0.932 | 0.926 | 0.929 | 0.998 | 0.967
0.917 | 0.907 | 0.685 | 0.787 | 0.996 | 0.901
0.948 | 0.934 | 0.894 | 0.911 | 0.998 | 0.956
Experiment: common_functions_fc(50)-fc(50)_leakyrelu(a=0.01)
Accuracy | Precision | Recall | F1 | AUC | AUC prob.
0.925 | 0.893 | 0.689 | 0.708 | 0.996 | 0.916
0.954 | 0.949 | 0.919 | 0.933 | 0.998 | 0.971
0.922 | 0.875 | 0.702 | 0.722 | 0.996 | 0.919
0.953 | 0.950 | 0.883 | 0.908 | 0.998 | 0.972
0.949 | 0.948 | 0.860 | 0.894 | 0.998 | 0.966
0.958 | 0.952 | 0.920 | 0.932 | 0.998 | 0.977
0.938 | 0.939 | 0.824 | 0.862 | 0.997 | 0.951
0.953 | 0.957 | 0.901 | 0.926 | 0.998 | 0.973
Experiment: common_functions_fc(50)-fc(50)_pow2[x]
Accuracy | Precision | Recall | F1 | AUC | AUC prob.
0.939 | 0.939 | 0.878 | 0.903 | 0.996 | 0.950
0.940 | 0.924 | 0.893 | 0.906 | 0.993 | 0.948
0.932 | 0.936 | 0.865 | 0.895 | 0.996 | 0.947
0.935 | 0.932 | 0.871 | 0.897 | 0.995 | 0.951
0.941 | 0.935 | 0.880 | 0.904 | 0.996 | 0.953
0.946 | 0.947 | 0.896 | 0.917 | 0.996 | 0.960
0.934 | 0.935 | 0.855 | 0.886 | 0.995 | 0.941
0.944 | 0.943 | 0.900 | 0.919 | 0.997 | 0.966
Experiment: common_functions_fc(50)-fc(50)_pow3[x]
Accuracy | Precision | Recall | F1 | AUC | AUC prob.
0.924 | 0.929 | 0.773 | 0.804 | 0.994 | 0.912
0.937 | 0.905 | 0.895 | 0.891 | 0.983 | 0.944
0.909 | 0.923 | 0.780 | 0.820 | 0.994 | 0.919
0.923 | 0.937 | 0.857 | 0.890 | 0.981 | 0.935
0.930 | 0.933 | 0.863 | 0.894 | 0.996 | 0.949
0.932 | 0.944 | 0.848 | 0.886 | 0.993 | 0.949
0.911 | 0.900 | 0.802 | 0.835 | 0.993 | 0.901
0.929 | 0.942 | 0.859 | 0.895 | 0.997 | 0.960
Experiment: common_functions_fc(50)-fc(50)_rationaltanh
Accuracy | Precision | Recall | F1 | AUC | AUC prob.
0.917 | 0.906 | 0.756 | 0.864 | 0.996 | 0.936
0.931 | 0.886 | 0.902 | 0.892 | 0.997 | 0.961
0.908 | 0.896 | 0.721 | 0.730 | 0.995 | 0.906
0.896 | 0.911 | 0.733 | 0.776 | 0.994 | 0.920
0.922 | 0.930 | 0.775 | 0.826 | 0.996 | 0.940
0.945 | 0.894 | 0.929 | 0.910 | 0.998 | 0.963
0.910 | 0.893 | 0.691 | 0.716 | 0.995 | 0.910
0.938 | 0.906 | 0.909 | 0.905 | 0.997 | 0.956
Experiment: common_functions_fc(50)-fc(50)_rectifiedtanh
Accuracy | Precision | Recall | F1 | AUC | AUC prob.
0.925 | 0.918 | 0.693 | 0.717 | 0.996 | 0.924
0.949 | 0.913 | 0.913 | 0.911 | 0.998 | 0.963
0.907 | 0.886 | 0.632 | 0.730 | 0.995 | 0.884
0.950 | 0.930 | 0.913 | 0.920 | 0.998 | 0.967
0.922 | 0.897 | 0.694 | 0.712 | 0.996 | 0.906
0.951 | 0.938 | 0.908 | 0.920 | 0.998 | 0.963
0.928 | 0.913 | 0.728 | 0.827 | 0.996 | 0.918
0.949 | 0.942 | 0.893 | 0.913 | 0.998 | 0.959
Experiment: common_functions_fc(50)-fc(50)_relu
Accuracy | Precision | Recall | F1 | AUC | AUC prob.
0.928 | 0.929 | 0.734 | 0.773 | 0.997 | 0.950
0.952 | 0.941 | 0.917 | 0.927 | 0.998 | 0.966
0.925 | 0.888 | 0.703 | 0.721 | 0.996 | 0.930
0.953 | 0.952 | 0.886 | 0.909 | 0.998 | 0.975
0.947 | 0.949 | 0.834 | 0.873 | 0.998 | 0.967
0.959 | 0.955 | 0.925 | 0.938 | 0.998 | 0.978
0.939 | 0.937 | 0.821 | 0.860 | 0.997 | 0.950
0.954 | 0.958 | 0.903 | 0.927 | 0.998 | 0.974
Experiment: common_functions_fc(50)-fc(50)_relu6
Accuracy | Precision | Recall | F1 | AUC | AUC prob.
0.931 | 0.897 | 0.756 | 0.793 | 0.997 | 0.929
0.954 | 0.943 | 0.917 | 0.927 | 0.998 | 0.968
0.922 | 0.852 | 0.691 | 0.706 | 0.996 | 0.916
0.955 | 0.947 | 0.894 | 0.915 | 0.998 | 0.971
0.947 | 0.944 | 0.821 | 0.855 | 0.998 | 0.959
0.958 | 0.953 | 0.906 | 0.922 | 0.998 | 0.977
0.939 | 0.939 | 0.822 | 0.860 | 0.997 | 0.951
0.953 | 0.954 | 0.904 | 0.926 | 0.998 | 0.973
Experiment: common_functions_fc(50)-fc(50)_selu
Accuracy | Precision | Recall | F1 | AUC | AUC prob.
0.867 | 0.868 | 0.666 | 0.771 | 0.992 | 0.883
0.921 | 0.916 | 0.869 | 0.883 | 0.996 | 0.951
0.881 | 0.859 | 0.636 | 0.834 | 0.991 | 0.805
0.893 | 0.901 | 0.704 | 0.726 | 0.994 | 0.903
0.930 | 0.935 | 0.849 | 0.882 | 0.997 | 0.950
0.949 | 0.952 | 0.905 | 0.925 | 0.998 | 0.972
0.915 | 0.917 | 0.759 | 0.790 | 0.995 | 0.916
0.936 | 0.938 | 0.874 | 0.901 | 0.997 | 0.954
Experiment: common_functions_fc(50)-fc(50)_sigmoid
Accuracy | Precision | Recall | F1 | AUC | AUC prob.
0.907 | 0.917 | 0.775 | 0.790 | 0.995 | 0.933
0.919 | 0.881 | 0.895 | 0.886 | 0.996 | 0.948
0.896 | 0.876 | 0.700 | 0.785 | 0.993 | 0.883
0.888 | 0.900 | 0.736 | 0.768 | 0.993 | 0.908
0.921 | 0.931 | 0.769 | 0.816 | 0.996 | 0.944
0.940 | 0.911 | 0.923 | 0.914 | 0.997 | 0.963
0.905 | 0.903 | 0.686 | 0.705 | 0.994 | 0.909
0.938 | 0.914 | 0.910 | 0.911 | 0.997 | 0.959
Experiment: common_functions_fc(50)-fc(50)_sin[x]
Accuracy | Precision | Recall | F1 | AUC | AUC prob.
0.957 | 0.957 | 0.906 | 0.927 | 0.998 | 0.973
0.958 | 0.951 | 0.940 | 0.944 | 0.998 | 0.978
0.946 | 0.948 | 0.880 | 0.907 | 0.997 | 0.965
0.953 | 0.946 | 0.922 | 0.932 | 0.998 | 0.975
0.959 | 0.957 | 0.913 | 0.932 | 0.998 | 0.976
0.962 | 0.962 | 0.929 | 0.944 | 0.999 | 0.982
0.951 | 0.945 | 0.892 | 0.913 | 0.997 | 0.961
0.960 | 0.962 | 0.933 | 0.946 | 0.999 | 0.978
Experiment: common_functions_fc(50)-fc(50)_softmax
Accuracy | Precision | Recall | F1 | AUC | AUC prob.
0.938 | 0.938 | 0.822 | 0.858 | 0.997 | 0.957
0.947 | 0.930 | 0.922 | 0.924 | 0.998 | 0.966
0.928 | 0.934 | 0.833 | 0.867 | 0.996 | 0.941
0.933 | 0.932 | 0.878 | 0.900 | 0.997 | 0.958
0.947 | 0.941 | 0.860 | 0.891 | 0.997 | 0.960
0.956 | 0.946 | 0.894 | 0.914 | 0.998 | 0.971
0.942 | 0.938 | 0.875 | 0.901 | 0.996 | 0.949
0.954 | 0.941 | 0.916 | 0.928 | 0.998 | 0.967
Experiment: common_functions_fc(50)-fc(50)_softplus
Accuracy | Precision | Recall | F1 | AUC | AUC prob.
0.921 | 0.933 | 0.790 | 0.836 | 0.996 | 0.954
0.939 | 0.946 | 0.896 | 0.917 | 0.997 | 0.971
0.902 | 0.896 | 0.738 | 0.781 | 0.994 | 0.903
0.918 | 0.932 | 0.802 | 0.847 | 0.995 | 0.938
0.938 | 0.944 | 0.861 | 0.894 | 0.997 | 0.969
0.953 | 0.952 | 0.917 | 0.932 | 0.998 | 0.977
0.923 | 0.927 | 0.827 | 0.863 | 0.996 | 0.939
0.943 | 0.949 | 0.899 | 0.922 | 0.998 | 0.973
Experiment: common_functions_fc(50)-fc(50)_softsign
Accuracy | Precision | Recall | F1 | AUC | AUC prob.
0.908 | 0.917 | 0.727 | 0.752 | 0.995 | 0.929
0.935 | 0.936 | 0.882 | 0.905 | 0.997 | 0.963
0.896 | 0.893 | 0.668 | 0.759 | 0.994 | 0.890
0.909 | 0.898 | 0.866 | 0.879 | 0.995 | 0.943
0.922 | 0.849 | 0.687 | 0.780 | 0.996 | 0.918
0.943 | 0.904 | 0.925 | 0.912 | 0.997 | 0.954
0.913 | 0.692 | 0.674 | 0.681 | 0.995 | 0.866
0.941 | 0.922 | 0.901 | 0.908 | 0.997 | 0.953
Experiment: common_functions_fc(50)-fc(50)_swish
Accuracy | Precision | Recall | F1 | AUC | AUC prob.
0.942 | 0.947 | 0.838 | 0.875 | 0.997 | 0.966
0.956 | 0.948 | 0.920 | 0.931 | 0.998 | 0.975
0.934 | 0.937 | 0.823 | 0.862 | 0.997 | 0.953
0.948 | 0.952 | 0.899 | 0.922 | 0.998 | 0.969
0.948 | 0.950 | 0.854 | 0.888 | 0.998 | 0.969
0.960 | 0.957 | 0.934 | 0.945 | 0.998 | 0.980
0.939 | 0.935 | 0.840 | 0.873 | 0.997 | 0.948
0.954 | 0.954 | 0.911 | 0.930 | 0.998 | 0.974
Experiment: common_functions_fc(50)-fc(50)_tan[x]
Accuracy | Precision | Recall | F1 | AUC | AUC prob.
0.270 | 0.101 | 0.111 | 0.063 | 0.502 | 0.114
0.269 | 0.105 | 0.111 | 0.050 | 0.511 | 0.115
0.268 | 0.123 | 0.111 | 0.050 | 0.496 | 0.111
0.271 | 0.141 | 0.112 | 0.051 | 0.525 | 0.120
0.270 | 0.119 | 0.111 | 0.054 | 0.642 | 0.152
0.270 | 0.145 | 0.111 | 0.054 | 0.581 | 0.133
0.270 | 0.079 | 0.111 | 0.048 | 0.586 | 0.136
0.270 | 0.052 | 0.111 | 0.047 | 0.584 | 0.138
Experiment: common_functions_fc(50)-fc(50)_tanh
Accuracy | Precision | Recall | F1 | AUC | AUC prob.
0.927 | 0.930 | 0.755 | 0.787 | 0.997 | 0.953
0.941 | 0.868 | 0.921 | 0.886 | 0.998 | 0.966
0.909 | 0.898 | 0.720 | 0.827 | 0.995 | 0.910
0.923 | 0.910 | 0.880 | 0.892 | 0.996 | 0.947
0.930 | 0.932 | 0.766 | 0.814 | 0.997 | 0.941
0.951 | 0.945 | 0.895 | 0.914 | 0.998 | 0.968
0.918 | 0.920 | 0.692 | 0.710 | 0.996 | 0.909
0.946 | 0.924 | 0.905 | 0.913 | 0.998 | 0.963
Experiment: common_functions_fc(50)-fc(50)_thresholdedrelu(theta=1.0)
Accuracy | Precision | Recall | F1 | AUC | AUC prob.
0.493 | 0.609 | 0.483 | 0.476 | 0.856 | 0.566
0.287 | 0.622 | 0.272 | 0.429 | 0.625 | 0.290
0.386 | 0.608 | 0.359 | 0.357 | 0.774 | 0.434
0.275 | 0.513 | 0.239 | 0.445 | 0.563 | 0.239
0.905 | 0.893 | 0.853 | 0.871 | 0.991 | 0.919
0.821 | 0.853 | 0.757 | 0.791 | 0.968 | 0.826
0.897 | 0.893 | 0.810 | 0.843 | 0.992 | 0.914
0.826 | 0.847 | 0.778 | 0.807 | 0.983 | 0.885
